name: cits3200
channels:
  - anaconda
  - conda-forge
  - defaults
dependencies:
  - annotated-types=0.6.0=py312haa95532_0
  - anyio=4.2.0=py312haa95532_0
  - blas=1.0=mkl
  - bottleneck=1.3.7=py312he558020_0
  - brotli-python=1.1.0=py312h53d5487_1
  - bzip2=1.0.8=h2bbff1b_6
  - ca-certificates=2024.7.4=h56e8100_0
  - certifi=2024.7.4=py312haa95532_0
  - cffi=1.16.0=py312he70551f_0
  - charset-normalizer=3.3.2=pyhd8ed1ab_0
  - colorama=0.4.6=py312haa95532_0
  - distro=1.9.0=py312haa95532_0
  - expat=2.6.2=hd77b12b_0
  - h11=0.14.0=py312haa95532_0
  - h2=4.1.0=pyhd8ed1ab_0
  - hpack=4.0.0=pyh9f0ad1d_0
  - httpcore=1.0.2=py312haa95532_0
  - httpx=0.26.0=py312haa95532_0
  - hyperframe=6.0.1=pyhd8ed1ab_0
  - icc_rt=2022.1.0=h6049295_2
  - icu=73.1=h6c2663c_0
  - idna=3.7=py312haa95532_0
  - intel-openmp=2023.1.0=h59b6b97_46320
  - libexpat=2.6.2=h63175ca_0
  - libffi=3.4.4=hd77b12b_1
  - libsqlite=3.46.0=h2466b09_0
  - libzlib=1.3.1=h2466b09_1
  - mkl=2023.1.0=h6b88ed4_46358
  - mkl-service=2.4.0=py312h2bbff1b_1
  - mkl_fft=1.3.8=py312h2bbff1b_0
  - mkl_random=1.2.4=py312h59b6b97_0
  - nodejs=18.18.2=haa95532_0
  - numexpr=2.8.7=py312h96b7d27_0
  - numpy=1.26.4=py312hfd52020_0
  - numpy-base=1.26.4=py312h4dde369_0
  - openai=1.37.1=pyhd8ed1ab_0
  - openssl=3.3.1=h2466b09_2
  - pandas=2.2.2=py312h0158946_0
  - pip=24.0=py312haa95532_0
  - pycparser=2.22=pyhd8ed1ab_0
  - pydantic=2.5.3=py312haa95532_0
  - pydantic-core=2.14.6=py312h062c2fa_0
  - pysocks=1.7.1=pyh0701188_6
  - python=3.12.4=h889d299_0_cpython
  - python-dateutil=2.9.0post0=py312haa95532_2
  - python-tzdata=2023.3=pyhd3eb1b0_0
  - python_abi=3.12=4_cp312
  - pytz=2024.1=py312haa95532_0
  - regex=2024.7.24=py312h4389bb4_0
  - requests=2.32.3=pyhd8ed1ab_0
  - scipy=1.11.3=py312h3d2928d_0
  - setuptools=69.5.1=py312haa95532_0
  - six=1.16.0=pyhd3eb1b0_1
  - sniffio=1.3.0=py312haa95532_0
  - sqlite=3.45.3=h2bbff1b_0
  - tbb=2021.8.0=h59b6b97_0
  - tiktoken=0.7.0=py312h21dd274_0
  - tk=8.6.13=h5226925_1
  - tqdm=4.66.4=py312hfc267ef_0
  - typing-extensions=4.11.0=py312haa95532_0
  - typing_extensions=4.11.0=py312haa95532_0
  - tzdata=2024a=h04d1e81_0
  - ucrt=10.0.22621.0=h57928b3_0
  - urllib3=2.2.2=pyhd8ed1ab_1
  - vc=14.2=h2eaa2aa_4
  - vc14_runtime=14.40.33810=ha82c5b3_20
  - vs2015_runtime=14.40.33810=h3bf8584_20
  - wheel=0.43.0=py312haa95532_0
  - win_inet_pton=1.1.0=pyhd8ed1ab_6
  - xz=5.4.6=h8cc25b3_1
  - zlib=1.3.1=h2466b09_1
  - zstandard=0.23.0=py312h7606c53_0
  - zstd=1.5.6=h0ea2cb4_0
prefix: C:\Programs\Anaconda\envs\Mlenv
